A = ...
[1 0 0 0 0;
0.25 1 0 0 0;
0 0.8 1 0 0;
0 0 2.777778 1 0;
0 0 0 -3.5999982 1];