A = ...
[1 0 0;
0.33333334 1 0;
0 0.6 1];