A = ...
[1 0 0;
0.5 1 0;
0 0.94280905 1];