A = ...
[1 0 0;
0.2 1 0;
1 -0.33333334 1];