A = ...
[-0.4082483 0.5306687 -0.7427813;
-0.81649655 0.15161958 0.55708605;
-0.40824828 -0.8339079 -0.37139064];