A = ...
[0.70014006 0.062250055 -0.7112868;
0.14002801 0.96487564 0.22227716;
0.70014006 -0.25522518 0.6668314];