A = ...
[0.70014006 0.68654376 -0.19611613;
0.70014006 -0.71400553 -0.0000000011668787;
0.14002801 0.13730875 0.9805807];