A = ...
[0.8944272 -0.3077935 0.32444283;
0.4472136 0.615587 -0.64888567;
0 0.72547626 0.6882472];