A = ...
[-2.4494894 -0.40824825 -3.6742346;
-0.0000001549563 -2.1984842 -2.0468645;
0.0000002168936 0 0.55708575];