A = ...
[7.1414285 6.4412885 4.2008405;
0 0.71400535 -0.08238542;
0 0 4.510671];