A = ...
[2.236068 1.7888544 0.6324555;
0 1.9493588 4.497953;
0 0.000000059604645 2.5235732];