A = ...
[14.282857 14.002801 9.101821;
0 3.1498518 2.3966265;
0 0 6.357126];