A = ...
[2 1 0;
0 1.5 1.4142135;
0 0 3.6666667];