A = ...
[3 1 1;
0 1.6666666 -1.3333334;
0 0 2.8000002];