A = ...
[4 2 0 0 0;
0 2.5 4 0 0;
0 0 1.8 2 0;
0 0 0 -0.5555558 2;
0 0 0 0 8.199997];