A = ...
[10 10 2;
0 3 4.6;
0 0 9.533333];