A = ...
[1.0714285;
-0.14285715;
0.71428573];