A = ...
[-0.028997354;
0.006644963;
-0.08814763;
0.04530587;
-0.040739745;
0.02024185;
-0.0279909;
0.024067627;
0.04994575;
0.0459118;
-0.016808676;
-0.024749953;
-0.006649579;
-0.07235294;
0.01393317;
0.042358395;
-0.0093708625;
-0.06785773;
0.01386302;
0.043218873;
-0.009041358;
-0.04464085;
-0.03840499;
-0.02030567;
0.021771673;
0.020317579;
-0.04412086;
0.045722403;
-0.028454512;
-0.013571802;
-0.012742069;
-0.047446694;
0.048373684;
0.05058315;
0.019204572;
-0.0814058;
0.025941608;
0.03253929;
0.036539335;
0.035374153;
0.003560513;
-0.002701728;
-0.007625591;
-0.013612853;
0.027811078;
-0.011494751;
0.009614301;
0.005519942;
-0.034631982;
0.0300583;
-0.013213665;
-0.049222745;
-0.089353494;
0.025358245;
-0.09721851;
-0.056105442;
0.006395303;
0.11292499;
-0.0010984754;
-0.020041164;
-0.009830508;
0.007069218;
-0.04613514;
-0.0002851331;
-0.04922933;
0.003853434;
0.06932168;
0.004305442;
-0.018058788;
0.025373261;
-0.05129218;
0.03492547;
-0.0064042923;
-0.053165417;
0.023708142;
0.0019086227;
-0.03481442;
-0.027235704;
0.014411883;
0.016135773;
0.070908695;
-0.015289795;
-0.014177223;
-0.04552441;
0.029286727;
-0.017602878;
-0.025319962;
-0.030812759;
-0.05763104;
0.042016782;
-0.0364542;
0.0159791;
-0.053985912;
0.032324135;
-0.016693018;
0.028963463;
-0.027941285;
0.01046468;
-0.0010103304;
-0.027848879;
0.029351328;
-0.016460119;
0.0800683;
0.040862;
0.0010041974;
-0.02558489;
0.04867708;
-0.030912427;
-0.012629247;
0.07243463;
-0.042758457;
-0.039811;
0.03139269;
-0.03012428;
-0.047371317;
0.020866847;
0.037565008;
-0.011255077;
-0.029903755;
0.025223922;
-0.02875038;
0.011976196;
-0.0023124428;
-0.04165682;
0.019284796;
0.02798019;
-0.021402843;
0.0137280235;
-0.02164053;
-0.034601357;
0.023810813;
-0.016647859;
0.008529722;
-0.08465103;
-0.07699484;
-0.028065672;
0.05403914;
0.04989152;
-0.008847253;
0.01901933;
0.050558254;
-0.07374664;
0.07275253;
0.04761378;
-0.091122925;
-0.028687766;
-0.0482363;
0.0066967653;
0.045907907;
-0.05350938;
0.01772347;
-0.027518883;
0.01582059;
0.015129793;
-0.024762906;
0.029187933;
0.006979136;
-0.0027138058;
-0.009171419;
0.005887257;
0.0605032;
0.024500588;
0.03524588;
-0.0050894697;
0.04675743;
-0.027212257;
0.008088551;
-0.02428725;
-0.022036988;
-0.0096638985;
0.058907703;
-0.062420372;
-0.0024604388;
0.06295983;
-0.055198647;
0.057606045;
0.028481275;
0.0048397095;
0.063471004;
0.02458545;
0.034203377;
-0.033233352;
0.095268115;
0.038096275;
-0.010424337;
-0.0039401534;
-0.008568897;
0.039089248;
-0.029806133;
0.013999876;
-0.06386111;
-0.05562439;
0.0038311318;
-0.03662974;
0.042035136;
0.0028424317;
-0.016862245;
0.013091195;
0.02965972;
0.025007105;
0.060452744;
-0.027389454;
-0.090409644;
-0.04945838;
0.025094345;
0.0067652594;
0.062805474;
0.020299789;
0.009237895;
0.04874385;
-0.0071528736;
-0.075790875;
0.05632135;
0.008800887;
-0.034854274;
-0.010357143;
0.00085040677;
-0.012260728;
-0.011618452;
-0.031102858;
0.006674411;
-0.019778125;
-0.026220486;
-0.028487992;
-0.030124307;
0.03579948;
-0.025402939;
-0.0419135;
-0.052518487;
-0.021934316;
-0.06466576;
0.0453081;
0.033436917;
-0.0684045;
-0.035957716;
-0.021123622;
0.026813615;
-0.030371714;
0.0072540008;
0.0047990447;
0.022579158;
-0.0266081;
0.05033795;
0.000072129544;
0.09373;
-0.007238706;
0.050575133;
0.013338057;
-0.022620635;
-0.05075987;
0.036589194;
0.028152501;
-0.01463555;
0.08456202;
-0.086558476;
0.028357418;
0.0268433;
0.000815038;
0.05905721;
-0.066892296;
0.022358024;
0.026383046;
-0.017392587;
0.013723226;
-0.0050064786;
-0.07180162;
-0.016739916;
-0.020308614;
-0.04178976;
-0.079806544;
0.045383856;
-0.00024138489;
-0.08293479;
0.0067325966;
0.022110542;
0.06856088;
0.0100524835;
-0.00013331516;
0.027980966;
-0.0139901005;
-0.069401585;
0.0078009847;
-0.030109284;
-0.008681309;
0.014296121;
0.051058926;
0.03479206;
0.047337584;
0.08609232;
-0.017664667;
0.05400089;
-0.010464366;
-0.010115645;
-0.0028971857;
-0.016248213;
-0.0556464;
0.044758864;
-0.051007606;
-0.03369811;
0.0018270094;
0.011354397;
-0.02351219;
0.007981647;
-0.0809305;
0.01829552;
0.065865025;
0.004508909;
0.010908827;
-0.017585889;
-0.00340232;
-0.03593757;
-0.06014832;
0.07677625;
-0.011720236;
-0.01905456;
-0.045360297;
-0.017191065;
-0.05233564;
-0.03275675;
0.023963772;
0.029604197;
-0.028186139;
0.024752451;
0.026135512;
-0.048129532;
0.0006945763;
-0.011437718;
-0.07905112;
0.0039021508;
-0.04443642;
0.04675485;
0.022094626;
0.029501982;
0.038226996;
-0.0094669545;
0.025337134;
-0.06979789;
-0.056327272;
0.043007966;
0.09614035;
0.04877661;
-0.04341581;
0.04232241;
0.0046765986;
0.006363711;
-0.014285823;
0.06729012;
0.014026086;
0.031669382;
0.02220781;
-0.028110966;
0.012420054;
0.026816107;
-0.0012429246;
0.0092511615;
-0.043874327;
0.02821362;
-0.024333077;
-0.018574992;
0.009375415;
0.03904332;
0.028575007;
-0.03079238;
0.023831602;
0.018083164;
0.06397607;
0.0069080396;
-0.01429848;
0.056475766;
0.070288874;
-0.011707302;
-0.0047741286;
0.01057912;
-0.06840548;
0.030164722;
-0.047631226;
-0.018860048;
-0.008468468;
0.02065539;
0.0056401687;
-0.044432137;
0.03745013;
0.058360457;
-0.041730024;
0.03508094;
-0.0053908466;
-0.054802243;
0.018820414;
-0.020132774;
0.026578177;
0.025162455;
0.021971641;
-0.059454083;
-0.067432;
-0.001111726;
0.04501458;
0.017293438;
0.031034496;
0.016242232;
0.06834143;
0.0033207494;
-0.015069554;
-0.031144898;
-0.0492055;
0.064590454;
0.02315241;
-0.02351542;
-0.06656237;
0.04665072;
-0.05645019;
0.060779978;
-0.01581979;
-0.04325743;
0.038573645;
0.045931388;
-0.036054026;
0.048049454;
0.04777067;
0.043399256;
-0.0039162287;
0.039493605;
0.021954674;
0.04194096;
-0.027870651;
-0.01533085;
-0.017425152;
0.026415303;
0.036429763;
-0.023697982;
-0.013733715;
-0.01638412;
-0.0013092696;
-0.0548559;
0.013073188;
0.042115077;
0.03801286;
0.05685429;
-0.057592787;
-0.04170975;
0.056658067;
0.0014790236;
0.028573746;
-0.051099267;
-0.023686986;
-0.03892383;
0.015773388;
0.024001682;
-0.014359287;
-0.039949838;
0.007182447;
-0.013683189;
-0.0023114502;
-0.018743735;
-0.06547649;
0.05491996;
-0.07036415;
0.01584753;
0.030505389;
0.007200465;
0.008163341;
-0.06400157;
-0.003937353;
-0.029979244;
-0.02832244;
0.02658099;
0.07780337;
0.1351875;
-0.005367474;
-0.068751596;
0.00496405;
0.021253584;
0.0098514045;
0.057133794;
-0.0077426806;
-0.004450758;
-0.0006766091;
0.036972094;
0.007689538;
-0.023670876;
-0.007595589;
0.007960125;
0.011223118;
-0.049669538;
-0.053039134;
-0.04375548;
0.053529613;
0.03424358;
-0.0039872224;
-0.020887475;
-0.0024478154;
0.045808822;
-0.06431413;
0.022278285;
0.028914167;
0.030475251;
0.0027676148;
-0.018031502;
-0.026429003;
-0.05070711;
0.024751572;
0.0049154335;
-0.024846114;
0.04813649;
0.033096336;
-0.015252026;
0.06557513;
0.0009976749;
0.0137326205;
-0.04555249;
-0.027042842;
-0.038165305;
0.004607593;
-0.09402439;
-0.029272487;
0.012621207;
0.0700405;
-0.003002395;
-0.01016149;
-0.024967091;
-0.048980188;
0.006658505;
-0.0060057756;
-0.014025822;
0.02213218;
-0.006102251;
0.0053595677;
0.0072554783;
-0.010307184;
-0.027386513;
-0.097721905;
-0.062604465;
-0.04539713;
-0.02405531;
0.01681734;
-0.05591504;
0.086163744;
-0.019956578;
-0.0059516444;
0.012450553;
-0.016043223;
0.077682346;
0.0061786273;
-0.006197125;
-0.007154153;
0.0592776;
-0.0015289555;
-0.006440435;
-0.053593915;
0.024681108;
-0.023599697;
0.06014091;
0.0076872627;
0.02782149;
-0.032340575;
-0.03266649;
0.034909025;
-0.044982042;
0.0038297179;
0.05741725;
0.012553419;
-0.047616273;
-0.00017314522;
0.0077751563;
0.0065005296;
-0.011422494;
0.025403379;
-0.0017251456;
0.05642681;
0.00042736327;
-0.035485182;
-0.0509025;
0.036106165;
-0.04171557;
0.055125676;
0.03712063;
0.083609514;
-0.04505944;
-0.035050474;
-0.05006399;
0.01976088;
0.044526897;
0.016590808;
0.0046009813;
0.0112945475;
0.029925304;
-0.0057366504;
-0.09316961;
0.006770312;
-0.008891156;
0.014098978;
0.023612283;
0.04399848;
-0.024894211;
-0.05318928;
-0.0004974864;
0.045467064;
-0.017192764;
0.040752236;
-0.018373594;
-0.022497237;
-0.014436588;
