A = ...
[-0.13636363;
0.1818182;
0.27272725];