A = ...
[-0.095253944;
-0.24838756;
0.4584565;
-1.831641;
-0.20809415;
0.8750452;
0.7015096;
1.4971786;
-5.77766;
-0.65901625;
1.4110578;
-0.26883653;
-1.313014;
0.23082852;
0.08617155;
0.84024704;
-0.15245454;
-0.49905095;
-0.65619236;
-0.48440835;
-0.5652466;
2.1543856;
-0.7782166;
-0.15700914;
-0.24626689;
0.6825919;
-0.60315305;
0.89097637;
0.21353956;
0.9075656;
0.22192717;
7.73324;
0.6521485;
0.9110315;
1.0310289;
-0.35650638;
-0.49178523;
0.43269402;
-0.48740798;
1.5408101;
0.37153575;
0.8271639;
0.093807004;
-0.3482644;
0.94249326;
0.008416265;
3.4139953;
0.17223549;
-1.2667476;
-0.15842143;
0.38660225;
0.14997815;
0.1564686;
2.9144754;
1.0952721;
0.4335161;
-0.76085824;
0.36389542;
0.13057682;
0.9132104;
0.042933367;
2.053357;
0.42758572;
-0.709087;
-0.30823982;
-0.4848778;
0.31249034;
1.1286772;
1.4020457;
0.5151923;
0.003524424;
0.26983207;
-0.18763171;
0.6207591;
-1.4872952;
0.7916394;
2.295341;
1.2094203;
0.26036084;
-0.023634836;
0.8909132;
-0.5459879;
0.064902104;
0.4664807;
-0.8335488;
0.50377244;
-0.23139688;
-1.2617313;
0.6256653;
0.33179107;
1.1048721;
0.5526218;
0.6073743;
-0.2409122;
-0.19987462;
1.7853491;
0.6018145;
1.9030868;
1.8600807;
0.5822989;
0.9982668;
-0.18155064;
6.0725927;
0.30063373;
0.601811;
0.16794883;
4.9535775;
-0.42839706;
-0.13631423;
0.16306847;
0.6168605;
2.2207646;
0.97881603;
-0.1289685;
1.0070547;
-1.4878038;
-0.73039216;
-0.3971282;
0.89501643;
0.494841;
4.0228677;
-1.0671548;
4.24194;
-0.53013855;
0.112318404;
-0.2514227;
1.8679713;
3.0213845;
0.785187;
-0.58916646;
1.1954103;
-1.5636206;
0.9636442;
0.71903133;
0.8665114;
0.47753012;
-0.2585427;
-1.1180543;
-0.02762122;
3.2906451;
-0.08552927;
0.013786267;
0.48194894;
0.26328552;
0.8159087;
0.4657606;
3.2787557;
1.7680017;
0.25844026;
0.5006595;
0.23538105;
1.1800262;
-1.1239927;
-0.31360972;
1.1948382;
0.32364002;
0.50025904;
-0.7132753;
0.74807465;
0.7500143;
-0.4732969;
0.74325126;
0.7631034;
0.3245434;
1.3543261;
1.8130195;
-0.23494753;
-1.563774;
-0.10234105;
1.4316834;
1.310322;
0.68379325;
-0.22615884;
1.6613779;
0.48409665;
0.8985354;
0.010174174;
-2.2983973;
-0.07941641;
0.04019762;
0.72382855;
1.1351167;
0.14345802;
0.3096934;
0.1973513;
0.8870325;
2.6319242;
0.2724986;
-0.06346566;
1.2875663;
-0.1843681;
-0.5530878;
0.21136591;
0.071061775;
2.060898;
0.13468468;
0.97912914;
0.38054782;
-0.26341864;
0.017083896;
-0.5265111;
0.88924134;
-0.18824278;
0.58355075;
0.3526151;
-0.31826594;
-1.1944999;
0.3466425;
0.02395553;
-0.28207442;
0.35205495;
0.67802083;
0.85890204;
0.90147954;
-0.37435782;
6.891368;
3.0443716;
0.7963155;
0.30874515;
0.24421231;
1.1711243;
-0.5633883;
1.1973705;
1.3068596;
-1.3061594;
-0.9080374;
0.96260536;
2.4546936;
0.32929733;
1.025405;
0.24661607;
1.3541865;
0.72640723;
-0.06969837;
0.4947787;
0.8920295;
0.9594973;
0.50036407;
0.26319984;
1.0758362;
1.4437921;
4.1042247;
0.08926275;
1.2381628;
-0.26093715;
-0.26098892;
0.4666592;
-0.9588846;
0.25949138;
0.042801764;
-1.6671128;
0.2903268;
-0.13227439;
0.87655103;
0.35737818;
0.49340796;
-0.06325058;
0.63398397;
1.5558468;
-0.47571158;
1.0699812;
-0.06345273;
-1.671457;
-1.2256052;
1.6624024;
0.9013959;
0.3206169;
-0.34377778;
1.1472737;
-1.4688642;
4.8780384;
0.3208286;
0.51045877;
-0.08962961;
-0.027122466;
-0.53732973;
-0.7329616;
0.42754143;
-0.59020644;
0.77290523;
0.6666323;
0.11046766;
0.034446374;
0.3995382;
-0.7163882;
-0.5159757;
-0.3829564;
-1.0128531;
-0.19276297;
0.15064324;
0.35125318;
0.7284308;
-0.48497027;
0.697042;
-0.11048088;
0.3531279;
-0.33434495;
-1.2078006;
0.028918186;
0.37026322;
0.93912506;
0.20440532;
0.86432946;
0.96048427;
0.43666688;
0.84348947;
-0.6200045;
-0.10917609;
-0.33106357;
0.4129549;
-0.7662392;
0.74979883;
-0.46790996;
-0.29479387;
-0.20997116;
0.3406763;
0.22373366;
-0.11196792;
3.069715;
0.6222427;
0.83907944;
1.5596266;
-0.014978121;
-0.07378063;
0.7141813;
1.4453998;
0.0015031261;
0.4230514;
1.0533538;
-0.23462313;
0.7927916;
0.624488;
1.3001033;
-0.553646;
0.7295323;
1.0188196;
0.7327186;
0.93845075;
0.2263898;
0.68812364;
-0.3242439;
-1.216881;
1.4872171;
-0.47240305;
0.5098834;
0.5824387;
3.0194807;
-0.47730023;
0.29144663;
-0.6203576;
3.0942833;
-0.05895767;
0.5451705;
-0.17053415;
-0.7561576;
-0.3090461;
0.8421748;
0.94302523;
-1.1340345;
1.4587356;
0.8101937;
0.0770665;
-0.40335777;
-0.17501843;
0.618476;
0.44992408;
0.45097816;
-4.107601;
1.3458476;
-1.5099132;
0.09918925;
1.3783693;
2.2211337;
0.78681606;
-0.20997849;
3.49873;
0.33710143;
0.800671;
0.082831435;
0.14021356;
0.41556254;
0.36695644;
0.14857352;
1.2972394;
-0.77413464;
-0.68938315;
0.91674757;
0.39576772;
1.2097565;
1.201351;
-0.7276803;
-0.8547999;
-0.062918656;
0.44182494;
-0.23084733;
0.7899145;
0.7192292;
1.5879664;
0.64624846;
1.1158544;
0.77456146;
0.7064704;
-0.21354844;
0.6461733;
0.0844703;
-0.77634174;
0.43652463;
0.753076;
1.0761572;
0.61525154;
0.3672968;
0.42632854;
0.39264473;
-0.7840827;
0.18665214;
-0.76907104;
0.42817366;
0.64656246;
0.9387928;
-0.2015795;
-0.91677636;
0.8980872;
0.77701193;
0.6863734;
0.92277277;
0.8277461;
0.25040543;
0.39426127;
0.21386115;
-0.39619946;
-0.3108431;
-0.9823224;
-0.14243867;
-0.31882176;
2.4002595;
-0.45596316;
0.43963757;
0.81216013;
-0.31399572;
5.3242974;
0.26829743;
0.8780386;
-1.1758822;
-0.1538459;
2.2875562;
-0.45925796;
0.10653734;
5.524169;
1.6315076;
1.4907132;
-1.0160823;
1.4679986;
0.16711211;
0.40072754;
0.13856284;
0.08080963;
2.0446908;
-0.32695657;
0.9221848;
1.4656261;
2.266913;
-0.46245998;
4.038341;
0.7964474;
0.33853725;
-0.12514344;
0.36995253;
-0.15587644;
1.3067839;
-1.0103314;
0.28958163;
0.06506418;
0.8075151;
1.1620802;
1.1978536;
-0.16924751;
0.09135695;
0.15707311;
0.08341353;
-0.68533075;
0.15124157;
0.15085617;
-0.045051653;
-0.7467748;
0.9789395;
-0.45149043;
0.8481229;
1.5074145;
-0.30477604;
0.7089899;
0.4057702;
0.38722023;
-2.1938565;
0.3153797;
0.30380014;
0.82736945;
-0.094350785;
-0.4510646;
0.9445761;
0.2526198;
1.1781478;
0.6713639;
-1.4008482;
0.69462305;
1.5228611;
1.534848;
-0.62015176;
0.9926201;
0.68595725;
0.28620863;
1.079141;
0.20340247;
-1.4170153;
-0.9542352;
-1.2758832;
-1.845473;
1.8995181;
2.264021;
2.4550369;
2.1183267;
1.9786487;
0.55622846;
0.38033393;
0.053038783;
-0.065126024;
-1.2627548;
-0.6031314;
-0.4534093;
0.831825;
2.107114;
0.11649604;
1.2800257;
0.5439112;
3.1254044;
-0.5391305;
0.13713066;
0.28380817;
0.03357231;
0.8410611;
0.19620442;
0.43898028;
1.0480244;
0.10404621;
2.1840823;
0.87068796;
-0.39552924;
1.1015418;
0.090508446;
-0.3607892;
0.11498421;
0.24346167;
0.21656707;
0.15493202;
0.054143798;
0.67993194;
2.4082544;
0.1676726;
0.42055866;
0.73775893;
5.0096173;
-0.005636153;
0.3383578;
-2.4075265;
0.93225527;
-1.1359142;
0.8189794;
-0.14293994;
-0.103145175;
2.725356;
0.79616916;
-0.9182097;
-1.2320122;
0.11552561;
0.16154462;
0.48771763;
-0.50421;
-0.5417201;
1.0001297;
-1.5721475;
-1.7564116;
1.2108867;
-5.406339;
0.6899278;
0.43222237;
0.672604;
0.5759641;
-0.1320977;
-0.32034767;
-0.1482187;
0.4510169;
-0.11592387;
1.2730764;
0.61561406;
1.003243;
0.719308;
-0.16524464;
1.8782463;
-0.7901706;
3.34399;
3.1774037;
-0.76125693;
0.2763771;
-0.15031882;
-0.4726411;
2.3511298;
-0.23309448;
-0.34035695;
-0.25314948;
0.49569544;
-0.83509344;
1.1260446;
-0.5642847;
0.4356558;
0.33670625;
-0.94519925;
0.75419265;
0.05643677;
-0.13915412;
0.08479175;
-0.09693576;
-0.48160288;
0.59114665;
0.2371386;
0.90829486;
5.9751625;
0.04682485;
-0.725611;
-0.45820725;
-0.17610423;
-0.8413079;
-1.7018094;
0.53265965;
-0.10771348;
-0.010025297;
2.3949711;
2.3114097;
-0.9207793;
0.7875105;
-0.51692426;
0.79293174;
0.9314111;
-0.024267133;
4.501302;
-0.46441543;
0.413569;
1.8732698;
0.19832589;
0.6752323;
2.7983155;
0.8575891;
1.0239646;
1.2251455;
0.9350815;
-0.009594834;
0.46008107;
-0.12555516;
-0.6910214;
0.31345904;
-0.0007378337;
0.28597575;
1.2654885;
0.47026938;
-0.5613046;
-0.21379563;
1.8070731;
0.65953463;
0.3452477;
-0.38664848;
0.18348175;
2.5037818;
-0.33433896;
0.78721356;
1.5945827;
0.5547571;
2.888659;
-0.35901833;
0.048984274;
